	
berlin10_d3	45	3678	3678.000000	3678.000000	3678.000000	0.016498	7	7	7	0	451	315	101	0.007049	
berlin10_d5	45	6019	6019.000000	6019.000000	6019.000000	1.155091	1701	1701	1701	0	451	315	101	0.006748	
berlin30_d10	435	10287	9887.510286	10287.000000	9887.510286	3600.194750	54627	54627	51360	3267	8846	4930	107	0.589333	
berlin30_d15	435	14404	12330.505825	14404.000000	12330.505825	3603.660642	8237	8237	4191	4046	13051	7395	107	4.393900	
berlin52_d10	1326	9959	9648.536585	9959.000000	9648.536585	3601.278456	6755	6755	5989	766	27337	14280	107	2.758961	
berlin52_d20	1326	17563	14486.824586	17563.000000	14486.824586	3738.915181	353	353	176	177	53347	28560	107	44.700524	
berlin52_d26	1326	23210	17901.429912	23210.000000	17901.429912	3700.679176	193	193	96	97	68953	37128	107	140.009659	
st70_d15	2415	1531	1105.251803	1531.000000	1105.251803	3649.997228	529	529	264	265	73831	38295	107	53.226294	
st70_d26	2415	2298	1604.658986	2298.000000	1604.658986	3946.752123	71	71	35	36	126202	66378	107	317.633036	
st70_d35	2415	3013	2138.957979	3013.000000	2138.957979	6167.668007	25	25	14	11	169051	89355	107	1091.559269		
berlin10_d5	10	45	5	6019	6019.000000	1169	1169	566	0	451	315	101	0.006941	0.714823	0	
berlin10_d5	10	45	5	6019	6019.000000	1017	1017	495	0	451	315	101	0.025583	6.557060	0	
berlin10_d5	10	45	5	6019	6019.000000	1245	1245	599	0	451	315	101	0.025817	8.395823	0	
berlin10_d5	10	45	5	6019	6019.000000	1327	1327	637	0	451	315	101	0.022054	9.627646	0	
